$ANSIBLE_VAULT;1.1;AES256
63393533303038336437303363323631313064623665303134616165666163643063663930363166
3061643431373164343539366163636366623739633035640a313939653265613630313964396666
32373661663939626635313437343236383566373630363361366337333833363066623135623864
3435303062366262310a643164326138306632343566376134643732646533373731373332333036
36663635383631646132616233343637353931336335663061306261323261336430323235396465
38306566386230626530326162663939663734333330633531343230326232386365363430636565
39316630353735323731633039376434633266316133303763643735303766326335643063333031
33616638343265356231653961363664653336313938666561336664633235383537326565346637
64646161323839663764343831363931333939623264376335626139323331306534323834386537
65613166306539616236333537373063343833626161333830383734386164623831626130353631
61623039646233373131343337353633616433626164626465623262666361656362663532653338
30666561663534613363353634373565643064333461663837666631313031653939653532613038
30356463396561633230386439613835343132343562663433373234616137656631376430636162
3030613762663566633731666162643631393731633435316131
